state={
	id=159
	name="STATE_159"
	provinces={
		68 144 223 396 402 547 600 712 817 1086 1493 1496 1517 1521 1523 1557 1562 1581 1610 1642 1741 1833 1848 1998 2058 2145 2264 2266 2350 2356 2486 2544 2606 2796 2808 2932 3088 3089 3140 3200 3226 3245 3263 3273 3285 3313 3329 3364 3368 3395 3444 3543 3579 3598 3631 3646 3818 3889 3891 4483 4499 4525 4530 4544 4559 4568 4571 4592 4593 4594 4598 4605 4609 4612 4616 4624 4625 4627 4635 4636 4641 4642 4646 4650 4651 4662 4664 4670 4674 4675 4681 4686 4689 4695 4696 4702 4703 4705 4706 4707 4713 4715 4716 4717 4719 4720 4724 4725 4726 4729 4734 4739 4741 4748 4753 4766 4772 4773 4779 4783 4786 4790 4804 4805 4806 4816 4817 4826 4829 4836 4850 4851 4865 4892 4903 
	}
	history={
		owner = ABY
		add_core_of = ABY
	}
	buildings_max_level_factor=1.000
	local_supplies=0.000
        manpower=1
        state_category = town
}
