state={
	id=317
	name="STATE_317"
	provinces={
		251 295 357 403 511 835 1212 1223 1367 1398 1549 1552 1695 1727 1795 2169 2193 2275 2301 2330 2429 2553 2725 2756 3052 3102 3166 3192 3199 3375 3496 3501 3620 3621 3642 3708 3716 3778 3820 6933 6972 6978 6985 7018 7025 7064 7075 7089 7090 7096 7103 7118 7129 7134 7147 7159 7160 7194 7219 7224 7228 7243 7249 7255 7327 7356 
	}
	history={
		owner = JYG
		add_core_of = JYG

	}
	buildings_max_level_factor=1.000
	local_supplies=0.000
        manpower=1
        state_category = town
}
