state={
	id=380
	name="STATE_380"
	provinces={
		9 56 96 116 198 245 286 296 323 327 466 583 698 716 734 917 934 960 984 1040 1055 1100 1146 1168 1215 1228 1247 1452 1483 1671 1681 1724 1745 1756 1784 1943 1999 2086 2087 2234 2299 2413 2494 2518 2762 2852 2866 2903 2959 3298 3337 3772 3799 3932 3959 3964 3979 3981 4000 4019 4026 4031 4058 4066 4089 4098 4100 4102 4136 4139 4144 4153 4169 4187 4190 4232 4257 4263 4267 4280 4292 4298 4311 4342 4349 4359 4361 4365 4369 4389 4391 4409 4413 4414 4417 4434 4438 4450 8731 
	}
	history={
		owner = PTG
		add_core_of = PTG

	}
	buildings_max_level_factor=1.000
	local_supplies=0.000
        manpower=1
        state_category = town
}
