state={
	id=390
	name="STATE_390"
	provinces={
		48 289 628 1117 1233 1295 1595 1622 1658 1890 1910 1953 2024 2120 2218 2245 2363 2677 2827 3033 3173 3188 3390 3460 3518 3641 3656 3717 3762 4727 4733 4757 4774 4775 4800 4820 4838 4853 4872 4882 4883 4933 4938 4953 4971 4972 4982 4984 5006 5016 5046 5055 5090 8743 8744 8745 8746 8747 8748 8750 8752 8753 8754 8760 8761 
	}
	history={
		owner = BER
		add_core_of = BER

	}
	buildings_max_level_factor=1.000
	local_supplies=0.000
        manpower=1
        state_category = town
}
