state={
	id=396
	name="STATE_396"
	provinces={
		15 73 385 389 395 595 688 769 829 1385 1548 1579 1635 1648 1710 2142 2153 2249 2527 2720 2956 3001 3017 3019 3025 3068 3137 3400 3546 3584 3735 3916 4093 4105 4117 4124 4129 4134 4140 4143 4145 4146 4154 4161 4166 4170 4179 4180 4191 4193 4194 4195 4198 4207 4208 4209 4226 4233 4243 4249 4250 4261 4278 4289 8735 8736 
	}
	history={
		owner = PTG
		add_core_of = PTG

	}
	buildings_max_level_factor=1.000
	local_supplies=0.000
        manpower=1
        state_category = town
}
