state={
	id=397
	name="STATE_397"
	provinces={
		21 58 60 113 152 215 277 400 487 535 616 699 702 819 1121 1133 1160 1197 1271 1458 1525 1535 1550 1661 1932 1966 2195 2502 2712 2857 3009 3179 3326 3348 3452 3477 3599 3624 3896 4202 4216 4219 4227 4235 4236 4251 4254 4255 4256 4258 4264 4270 4273 4274 4283 4285 4290 4300 4307 4315 4319 4324 4327 4330 4339 4343 4344 4345 4350 4355 4370 4371 4375 4381 4392 4394 4395 4411 4412 4419 4421 4430 4439 4440 4443 4444 4448 4476 4484 4497 4498 4512 4566 8742 
	}
	history={
		owner = PTG
		add_core_of = PTG

	}
	buildings_max_level_factor=1.000
	local_supplies=0.000
        manpower=1
        state_category = town
}
