state={
	id=398
	name="STATE_398"
	provinces={
		16 24 31 40 334 427 529 531 538 564 586 620 681 710 796 851 1065 1326 1438 1481 1580 1605 1612 1691 1692 1835 2078 2129 2204 2293 2410 2630 2697 2743 2822 2862 2915 3083 3105 3174 3244 3332 3358 3374 3385 3397 3480 3673 3712 3737 3843 3920 3976 4212 4230 4234 4245 4248 4268 4269 4284 4293 4294 4299 4306 4312 4313 4314 4318 4323 4326 4334 4338 4354 4360 4362 4379 4382 4383 4384 4393 4407 4410 4415 4418 4423 4424 4447 4451 4462 4470 4472 4473 4478 4479 4496 4500 4501 4516 4520 4527 4528 4531 4535 4539 4546 4547 4551 4556 4560 4561 4569 4570 4572 4580 4586 4595 4617 
	}
	history={
		owner = PTG
		add_core_of = PTG

	}
	buildings_max_level_factor=1.000
	local_supplies=0.000
        manpower=1
        state_category = town
}
