
state={
	id=400
	name="STATE_400"
	provinces={
		348 594 721 926 982 1587 1763 1809 1854 2001 2010 2056 2072 2265 2433 2579 2632 2636 2651 2824 2869 2874 3004 3376 3505 3553 3592 3726 3940 3972 4171 4177 4181 4182 4196 4200 4210 4213 4217 4228 4229 4239 4244 4252 4253 4259 4260 4271 4281 4282 4286 4287 4295 4301 4308 4309 4316 4320 4321 4331 4335 4346 4351 4356 4366 4376 4398 
	}
	history={
		owner = NWT
		add_core_of = NWT

	}
	buildings_max_level_factor=1.000
	local_supplies=0.000
        manpower=1
        state_category = town
}
