state={
	id=402
	name="STATE_402"
	provinces={
		143 325 515 582 1288 1361 1470 1651 1823 2113 2221 2302 2387 2449 2499 2665 2709 2826 2880 3077 3107 3159 3287 3845 4167 4185 4211 4214 4224 4225 4231 4246 4247 4262 4275 4291 4296 4297 4302 4325 4328 4329 4332 4340 4357 4363 4386 4387 4399 4400 4416 4427 4428 4452 4456 4457 4460 4481 4505 
	}
	history={
		owner = NWT
		add_core_of = NWT

	}
	buildings_max_level_factor=1.000
	local_supplies=0.000
        manpower=1
        state_category = town
}
