state={
	id=405
	name="STATE_405"
	provinces={
		98 145 287 590 657 705 818 853 1237 1471 1755 2090 2144 2200 2307 2347 2382 2508 2671 3132 3165 3176 3209 3296 3372 3502 3740 3789 3867 3876 4036 4041 4048 4049 4052 4056 4060 4062 4065 4068 4069 4070 4080 4084 4087 4090 4094 4095 4099 4104 4107 4110 4111 4112 4115 4118 4119 4141 4148 4156 
	}
	history={
		owner = FDG
		add_core_of = FDG

	}
	buildings_max_level_factor=1.000
	local_supplies=0.000
        manpower=1
        state_category = town
}
