state={
	id=406
	name="STATE_406"
	provinces={
		106 107 748 840 855 863 887 908 1042 1202 1272 1364 1573 1760 1811 1813 1871 1916 2167 2268 2274 2598 2707 2713 2716 2776 2925 2951 3110 3227 3228 3292 3338 3351 3728 3861 3933 3967 4046 4051 4072 4074 4077 4081 4082 4085 4086 4088 4091 4092 4096 4103 4106 4114 4120 4121 4122 4127 4130 4132 4135 4151 4155 4158 4159 4162 4165 4172 4174 4175 4176 4178 4183 4184 4186 4188 4203 4204 4205 4206 4220 4223 4237 4238 
	}
	history={
		owner = FDG
		add_core_of = FDG

	}
	buildings_max_level_factor=1.000
	local_supplies=0.000
        manpower=1
        state_category = town
}
