state={
	id=407
	name="STATE_407"
	provinces={
		13 190 284 312 350 490 514 601 611 625 767 805 813 888 976 1036 1085 1334 1357 1414 1420 1531 1621 1767 1938 1947 1963 2104 2180 2250 2351 2367 2419 2428 2672 2914 2949 3155 3160 3218 3288 3306 3359 3404 3453 3504 3506 3532 3612 3695 3779 3827 3917 3980 3982 3983 3984 3985 3986 3987 3988 3989 3990 3991 3992 3993 3994 3995 3996 3997 3998 3999 4001 4002 4003 4004 4005 4006 4007 4008 4009 4010 4011 4012 4013 4014 4015 4016 4017 4018 4020 4021 4022 4023 4024 4025 4027 4028 4029 4030 4032 4033 4034 4035 4037 4038 4039 4040 4042 4043 4044 4045 4047 4050 4053 4054 4055 4057 4059 4061 4063 4064 4067 4071 4073 4075 4076 4078 4079 4083 8732 8733 
	}
	history={
		owner = FDG
		add_core_of = FDG

	}
	buildings_max_level_factor=1.000
	local_supplies=0.000
        manpower=1
        state_category = town
}
