
state={
	id=408
	name="STATE_408"

	history={
		owner = NZL
		add_core_of = NZL

	}

	provinces={
		4 208 274 360 378 381 397 408 462 477 518 707 709 858 874 931 948 986 1148 1251 1285 1287 1323 1342 1359 1393 1400 1460 1479 1485 1656 1775 1786 1792 1808 1822 1856 1904 1905 1937 1983 2037 2102 2128 2139 2190 2246 2276 2304 2386 2390 2437 2469 2480 2501 2534 2616 2637 2654 2686 2723 2735 2747 2748 2770 2812 2830 2856 2888 2943 2958 3014 3082 3101 3146 3157 3196 3223 3233 3237 3240 3322 3355 3396 3470 3472 3500 3533 3539 3654 3676 3685 3704 3722 3734 3744 3826 3848 3860 3865 3879 3922 3956 3965 5900 5901 5907 5908 5914 5915 5931 5932 5937 5940 5944 5949 5967 5982 5986 5991 5992 5993 5994 5999 6000 6011 6023 6024 6025 6032 6033 6034 6041 6049 6056 6057 6062 6064 6065 6066 6072 6075 6076 6084 6085 6094 6095 6100 6101 6105 6114 6125 6133 6134 6137 6142 6146 6156 6161 6162 6163 6167 6173 6174 6184 6199 6207 6211 6212 6218 6225 6226 6238 6244 6251 6254 6260 6264 6270 6271 6277 6303 6306 6314 6315 6316 6324 6325 6336 6341 6348 6349 6360 6363 6364 6365 6374 6385 6397 6403 6413 6430 6434 6435 6445 6451 6473 6474 6499 6510 
	}
	manpower=1
	buildings_max_level_factor=1.000
	state_category=town
	local_supplies=0.000
}
