state={
	id=425
	name="STATE_425"
	provinces={
		6 35 104 117 203 210 280 282 294 342 377 486 546 550 558 579 761 864 866 875 877 924 925 946 1003 1095 1099 1181 1293 1315 1372 1418 1430 1476 1498 1505 1545 1606 1615 1627 1641 1663 1768 1826 1832 1866 1912 1930 2117 2244 2315 2371 2391 2397 2415 2466 2476 2517 2625 2642 2688 2721 2724 2732 2759 2846 2871 2892 2961 2998 3029 3037 3039 3046 3127 3158 3270 3319 3371 3468 3519 3527 3665 3723 3729 3780 3824 3957 3960 3970 5587 5626 5647 5661 5677 5689 5694 5695 5699 5716 5722 5726 5732 5733 5763 5775 5786 5793 5803 5814 5815 5834 5835 5836 5843 5849 5851 5857 5862 5864 5866 5870 5875 5893 5898 5899 5906 5912 5913 5929 5930 5936 5948 5952 5953 5954 5955 5960 5966 5974 5979 5980 5981 5990 5998 6005 6006 6010 6013 6014 6015 6016 6031 6039 6040 6060 6070 6071 6074 6079 6113 6131 6155 6166 6182 6183 6205 6232 6289 6312 6332 6339 6362 6380 
	}
	history={
		owner = MBG
		add_core_of = MBG

	}
	buildings_max_level_factor=1.000
	local_supplies=0.000
        manpower=1
        state_category = town
}
