state={
	id=426
	name="STATE_426"
	provinces={
		111 178 199 254 270 291 322 332 414 416 419 465 499 504 507 567 574 593 746 758 860 884 933 1172 1203 1236 1281 1304 1368 1448 1619 1817 1881 1896 2031 2185 2273 2357 2549 2777 2849 2859 2895 2919 2936 2953 2964 2969 3315 3324 3671 3756 3765 3782 6030 6098 6112 6192 6201 6210 6247 6288 6311 6372 6384 6390 6400 6432 6437 6449 6518 6528 6533 6535 6566 6575 6646 6788 
	}
	history={
		owner = MBG
		add_core_of = MBG

	}
	buildings_max_level_factor=1.000
	local_supplies=0.000
        manpower=1
        state_category = town
}
