
state={
	id=429
	name="STATE_429"

	history={
		owner = MBG
		add_core_of = MBG

	}

	provinces={
		247 422 519 692 750 894 1180 1201 1297 1332 1370 1378 1417 1421 1455 1466 1553 1598 1611 1643 1952 2015 2021 2034 2045 2092 2137 2409 2461 2804 2817 2847 2863 2876 2942 3152 3156 3180 3198 3246 3403 3447 3466 3577 3666 3718 3842 3915 3925 6047 6051 6061 6083 6093 6099 6132 6136 6150 6176 6243 6269 6282 6290 6313 6321 6328 6335 6340 6359 6373 6391 6396 6402 6419 6425 6442 6450 6456 6461 6462 6502 6508 6509 6519 6540 6550 6568 6580 6603 6610 6617 6637 6681 6696 6727 
	}
	manpower=1
	buildings_max_level_factor=1.000
	state_category=town
	local_supplies=0.000
}
