
state={
	id=451
	name="STATE_451"
	provinces={
		3 10 17 30 52 78 88 91 95 136 139 179 195 205 220 228 302 331 340 341 353 362 371 401 404 433 463 468 469 491 548 570 571 604 610 632 637 665 670 673 679 703 724 773 810 815 833 837 868 930 943 959 965 979 1000 1022 1061 1089 1093 1159 1170 1199 1246 1265 1277 1308 1314 1325 1427 1533 1563 1618 1644 1711 1774 1797 1801 1849 1862 1885 1902 1942 1951 1962 2005 2071 2164 2243 2247 2321 2337 2395 2472 2478 2577 2678 2755 2772 2854 2878 2963 2997 3013 3187 3267 3419 3563 3637 3741 3769 3771 3944 3955 6796 6887 6893 6957 6965 6981 7037 7056 7115 7149 7167 7207 7216 7221 7265 7274 7283 7292 7313 7382 7397 7408 7409 7412 7447 7452 7463 7464 7480 7534 7536 7557 7580 7609 7622 7623 7632 7657 7674 7713 7721 7794 7867 7885 7933 8024 8075 8099 8129 8159 8255 8256 8312 
	}
	manpower=1
	buildings_max_level_factor=1.000
	state_category=town
	local_supplies=0.000
}
