
state={
	id=453
	name="STATE_453"

	history={
		owner = CWG
		add_core_of = CWG

	}

	provinces={
		44 93 192 196 240 448 450 473 627 662 749 762 871 1025 1072 1112 1230 1274 1415 1441 1445 1475 1506 1554 1696 1753 1778 1802 1842 2053 2124 2143 2432 2613 2674 2809 2810 2836 2877 2882 2940 3027 3090 3115 3139 3141 3290 3354 3481 3522 3560 3572 3645 3650 3692 3710 3760 3796 3831 3948 3953 8249 8275 8276 8278 8287 8300 8301 8315 8320 8325 8334 8338 8358 8375 8376 8378 8379 8396 8402 8403 8404 8407 8426 8427 8431 8435 8445 8446 8449 8450 8462 8467 8470 8476 8478 8483 8484 8492 8496 8505 8506 8513 8518 8523 8527 8528 8537 8541 8542 8549 8558 8567 8572 8575 8579 8580 8584 8587 8589 8591 8599 8600 8605 8606 8611 8615 8628 8629 8633 8634 8635 8639 8641 8644 8651 8652 8659 8660 8664 8671 8675 8680 8683 
	}
	manpower=1
	buildings_max_level_factor=1.000
	state_category=town
	local_supplies=0.000
}
