
state={
	id=454
	name="STATE_454"

	history={
		owner = CWG
		add_core_of = CWG

	}

	provinces={
		63 102 105 200 290 309 524 540 557 619 656 800 920 988 993 1224 1259 1405 1678 1706 1742 1793 1810 1812 1858 1887 1892 1924 1980 2047 2127 2158 2282 2300 2327 2333 2360 2369 2383 2458 2464 2474 2491 2500 2504 2546 2607 2610 2620 2623 2639 2652 2660 2669 2693 2729 2744 2783 2795 2853 2872 2883 2950 2952 2980 2992 3026 3063 3078 3189 3232 3349 3367 3378 3521 3610 3625 3648 3674 3678 3698 3702 3715 3721 3857 8191 8219 8245 8259 8282 8286 8293 8309 8319 8324 8347 8351 8352 8361 8362 8370 8373 8374 8391 8395 8400 8401 8406 8416 8421 8424 8425 8432 8434 8439 8441 8442 8444 8453 8455 8456 8460 8463 8464 8471 8472 8473 8474 8479 8481 8487 8488 8490 8495 8499 8500 8501 8504 8510 8511 8515 8516 8517 8522 8529 8530 8532 8534 8535 8540 8544 8545 8548 8551 8552 8553 8562 8563 8565 8566 8573 8574 8576 8577 8578 8581 8583 8586 8592 8597 8598 8601 8614 8621 8626 8627 8638 8657 8667 
	}
	manpower=1
	buildings_max_level_factor=1.000
	state_category=town
	local_supplies=0.000
}
