
state={
	id=455
	name="STATE_455"

	history={
		owner = CWG
		add_core_of = CWG

	}

	provinces={
		27 39 62 72 80 83 115 155 171 175 218 241 263 272 298 314 351 354 365 417 443 444 454 457 537 545 599 608 630 642 655 719 756 785 811 843 859 989 998 999 1039 1047 1057 1071 1087 1113 1152 1193 1195 1218 1240 1255 1340 1354 1383 1386 1388 1394 1397 1437 1444 1482 1504 1511 1638 1660 1673 1677 1686 1689 1743 1759 1766 1780 1781 1824 1857 1860 1867 1875 1882 1907 1927 1946 1949 1978 1986 1997 2017 2051 2055 2079 2089 2118 2157 2173 2196 2197 2255 2319 2353 2374 2405 2450 2506 2538 2542 2545 2548 2561 2566 2705 2711 2717 2786 2801 2803 2814 2851 2864 2865 2868 2885 2894 2899 2904 2927 2955 2965 2977 2984 3006 3022 3035 3065 3128 3130 3145 3148 3171 3186 3204 3207 3253 3265 3291 3293 3328 3341 3433 3493 3507 3513 3549 3557 3570 3571 3644 3647 3668 3701 3720 3773 3783 3819 3825 3856 3870 3882 3906 7666 7694 7726 7729 7754 7758 7763 7764 7767 7768 7774 7804 7806 7823 7836 7845 7850 7851 7860 7868 7874 7875 7881 7886 7893 7894 7902 7903 7913 7916 7926 7929 7947 7952 7956 7967 7970 7971 7977 7990 7995 7996 8000 8005 8008 8014 8017 8025 8030 8032 8035 8044 8048 8050 8053 8058 8059 8062 8066 8076 8077 8081 8085 8094 8100 8104 8108 8123 8125 8126 8144 8145 8152 8154 8160 8162 8163 8167 8184 8186 8187 8195 8203 8210 8226 8230 8234 8235 8236 8242 8247 8248 8257 8262 8263 8267 8268 8274 8283 8284 8297 8298 8299 8304 8307 8313 8314 8323 8328 8337 8343 8354 8357 8360 8366 8367 8368 8388 8390 8394 8399 8412 8415 8417 8420 8448 8452 8457 8458 8459 8461 8469 8475 8477 8482 8494 8497 8502 8503 8514 8521 
	}
	manpower=1
	buildings_max_level_factor=1.000
	state_category=town
	local_supplies=0.000
}
