
state={
	id=456
	name="STATE_456"

	history={
		owner = KWZ
		add_core_of = KWZ

	}

	provinces={
		71 75 126 347 407 497 751 854 872 880 881 896 916 961 1050 1063 1111 1319 1350 1494 1526 1555 1559 1646 1718 1730 1736 1829 1869 2069 2112 2184 2216 2320 2426 2431 2588 2631 2738 2757 2769 2791 2858 2893 2910 2976 3020 3030 3036 3062 3085 3109 3136 3144 3197 3308 3389 3424 3459 3497 3580 3699 3810 3878 7748 7775 7776 7796 7805 7831 7837 7840 7842 7852 7853 7858 7861 7869 7887 7888 7897 7904 7923 7927 7930 7934 7937 7948 7953 7957 7960 7961 7968 7969 7972 7973 7981 7985 7991 7992 7997 8001 8009 8022 8023 8026 8027 8033 8036 8045 8060 8073 8078 8083 8084 8086 8090 8095 8101 8102 8105 8111 8113 8114 8122 8135 8136 8139 8140 8146 8155 8161 8168 8171 8175 8176 8183 8188 8192 8196 8200 8205 8211 8213 8220 8221 8231 8269 8294 
	}
	manpower=1
	buildings_max_level_factor=1.000
	state_category=town
	local_supplies=0.000
}
