
state={
	id=460
	name="STATE_460"
	provinces={
		20 41 108 176 207 415 592 760 861 1018 1064 1282 1353 1436 1468 1666 1713 1771 1996 2040 2065 2088 2108 2271 2331 2403 2519 2901 3058 3388 3432 3442 3802 3809 7354 7370 7373 7384 7391 7413 7418 7428 7429 7440 7449 7457 7486 7491 7496 7505 7506 7519 7523 7535 7540 7541 7551 7552 7560 7565 7581 7582 7585 7592 7593 7601 7602 7613 7628 7629 7634 7640 7647 7650 7651 7677 7710 7714 7715 7716 7769 7772 7780 
	}
	history={
		owner = CWG
		add_core_of = CWG

	}
	buildings_max_level_factor=1.000
	local_supplies=0.000
        manpower=1
        state_category = town
}
