
state={
	id=462
	name="STATE_462"

	history={
		owner = CWG
		add_core_of = CWG

	}

	provinces={
		119 213 260 315 471 501 552 694 1175 1269 1343 1431 1447 1456 1560 1591 1623 1693 1721 1837 1965 2002 2199 2202 2207 2231 2272 2279 2290 2316 2528 2536 2602 2633 2708 2765 2855 2911 3067 3183 3236 3420 3547 3582 3733 3800 3816 6636 6671 6680 6715 6722 6730 6749 6753 6789 6798 6799 6825 6844 6865 6882 6897 6898 6913 6918 6919 6966 6996 7007 7026 7033 7051 7065 7104 7119 7175 7217 7222 7251 7256 7306 7324 7325 7332 7339 7367 7399 
	}
	manpower=1
	buildings_max_level_factor=1.000
	state_category=town
	local_supplies=0.000
}
