
state={
	id=464
	name="STATE_464"

	history={
		owner = CWG
		add_core_of = CWG

	}

	provinces={
		50 97 180 191 301 349 503 635 641 730 766 849 878 895 947 956 957 1027 1137 1302 1366 1407 1426 1571 1668 1676 1708 1725 1779 1805 1895 1898 2003 2049 2135 2149 2186 2194 2212 2226 2309 2338 2525 2657 2663 2699 2834 2920 2978 3042 3168 3172 3175 3178 3229 3377 3431 3443 3476 3494 3512 3520 3525 3534 3593 3600 3937 3958 3974 6602 6648 6649 6660 6716 6726 6750 6760 6765 6790 6803 6804 6810 6816 6817 6839 6845 6850 6851 6852 6860 6861 6873 6883 6903 6904 6928 6929 6931 6932 6937 6940 6941 6942 6958 6967 6970 6974 6975 6976 6986 6990 7008 7009 7014 7019 7020 7038 7050 7052 7062 7066 7071 7084 7087 7099 7110 7126 7131 7136 7143 7146 7150 7161 7171 7181 7187 7190 7199 7200 7208 7211 7230 7231 7252 7278 7294 7295 7302 7308 7319 7330 7333 7336 7358 7435 
	}
	manpower=1
	buildings_max_level_factor=1.000
	state_category=town
	local_supplies=0.000
}
