state={
	id=465
	name="STATE_465"
	provinces={
		12 46 103 259 383 440 495 945 963 1227 1344 1630 1664 1683 1699 1843 1899 2179 2205 2421 2760 3066 3084 3147 3440 3473 3788 3841 3892 3971 3978 7049 7073 7098 7105 7120 7130 7142 7145 7155 7182 7186 7204 7229 7236 7244 7257 7275 7293 7297 7307 7364 7368 7369 7383 7389 7400 7401 7417 7427 7448 7460 7461 7476 7500 7504 7539 
	}
	history={
		owner = CWG
		add_core_of = CWG

	}
	buildings_max_level_factor=1.000
	local_supplies=0.000
        manpower=1
        state_category = town
}
