state={
	id=485
	name="STATE_485"
	provinces={
		79 87 114 122 125 132 153 326 352 438 494 565 589 591 631 690 886 1009 1026 1053 1155 1260 1467 1564 1599 1633 1640 1845 1944 1976 2011 2027 2043 2209 2285 2375 2416 2489 2535 2571 2779 2970 3007 3018 3202 3257 3391 3606 3609 3626 3847 3850 3977 8493 8498 8512 8526 8533 8538 8539 8543 8546 8550 8555 8559 8560 8561 8568 8570 8571 8582 8593 8604 8610 8613 8617 8625 8630 8631 8632 8640 8648 8649 8655 8656 8663 8666 8669 8672 8674 8677 8679 8681 8682 8687 8691 8692 8693 8699 
	}
	manpower=0
	buildings_max_level_factor=1.000
	local_supplies=0.000
        manpower=1
        state_category = town
}
