state={
	id=486
	name="STATE_486"
	provinces={
		2 7 26 29 76 81 84 174 216 235 244 264 288 387 398 406 434 475 542 562 596 607 693 725 727 728 753 765 771 775 842 974 1021 1037 1069 1092 1127 1267 1279 1284 1311 1401 1518 1609 1702 1840 1955 1961 1973 2013 2057 2075 2206 2223 2233 2341 2379 2393 2521 2578 3045 3221 3342 3381 3764 3770 3975 8342 8408 8411 8423 8440 8454 8468 8480 8486 8507 8508 8519 8520 8525 8536 8547 8557 8585 8602 8603 8637 8676 8678 8685 8704 8707 
	}
	manpower=0
	buildings_max_level_factor=1.000
	local_supplies=0.000
        manpower=1
        state_category = town
}
